1 1613.56
2 2135.49
3 2291.78
4 3027.04
5 2608.18
6 2938.94
7 2556.27
8 3029.66
9 2543.77
10 2745.86
11 2982.33
12 2232.21
13 2244.19
14 1932.1
15 1984.79
16 1808.47
17 1740.37
18 1606.35
19 1744.13
20 1684.13
21 1412.11
22 1389.3
23 1337.08
24 1205.1
25 1114.03
26 1072.6
27 1162.26
28 1060.81
29 985.78
30 917.78
31 942.14
32 887.48
33 816.7
34 759
35 789.37
36 751.41
37 718.07
38 721.12
39 701.99
40 673.02
41 627.42
42 664.37
43 600.96
44 594.05
45 585.71
46 584.02
47 532.76
48 554.19
49 530.92
50 521.42
51 459.06
52 496.96
53 457.4
54 446.27
55 439.54
56 442.04
57 423.76
58 464.85
59 413.08
60 399.77
61 398.4
62 401.49
63 397.63
64 386.19
65 392.19
66 372.2
67 367.95
68 352.62
69 342.51
70 350.67
71 329.91
72 320.13
73 321.36
74 322.93
75 291.51
76 313.64
77 309.54
78 308.69
79 283.48
80 286.42
81 269.7
82 273.71
83 268.07
84 268.61
85 257.39
86 270.62
87 260.81
88 253.35
89 243.42
90 240.07
91 236.54
92 227.48
93 238.31
94 232.16
95 225.48
96 225.46
97 216.35
98 219.36
99 220.78
100 221.38
101 206.78
102 204.49
103 208.99
104 199.45
105 195.04
106 192.47
107 203.27
108 193.86
109 191.46
110 188.8
111 189.31
112 180.75
113 184.99
114 178.82
115 172.28
116 176.21
117 175.5
118 169.22
119 174.2
120 162.41
121 166.83
122 161.79
123 159.83
124 160.7
125 165.4
126 155.14
127 156.46
128 150.83
129 155.92
130 155.5
131 149.49
132 146.6
133 145.63
134 147.54
135 144.51
136 144.13
137 137.32
138 141.62
139 137.9
140 141.59
141 134.57
142 132.77
143 130.79
144 131.56
145 130.24
146 129.9
147 125.94
148 124.76
149 123.3
150 124.59
151 124.35
152 121.86
153 118.27
154 120.92
155 118.94
156 116.4
157 117.19
158 112.51
159 116.75
160 113.73
161 115.72
162 111.52
163 114.01
164 111.36
165 110.76
166 108.56
167 109.62
168 108.02
169 106.98
170 108.2
171 103.89
172 102.36
173 101.33
174 101.76
175 100.9
176 99.77
177 99.4
178 99.47
179 96.5
180 95.58
181 97.08
182 95.74
183 97.28
184 94.69
185 91.99
186 93.38
187 92.81
188 90.74
189 91.37
190 90.76
191 91.68
192 87.37
193 93
194 86.33
195 86.45
196 85.31
197 88.32
198 85.48
199 83.79
200 84.84
201 83.88
202 82.87
203 82.07
204 83.14
205 81.99
206 79.84
207 81.16
208 80.14
209 80.21
210 77.08
211 78.75
212 76
213 78.22
214 76.61
215 73.79
216 74.78
217 76.3
218 76.3
219 74.82
220 73.23
221 74.31
222 72.86
223 72.23
224 72.72
225 72.1
226 71.79
227 70.32
228 68.73
229 68.4
230 70.47
231 67.56
232 66.82
233 68.32
234 67.61
235 65.61
236 67.55
237 64.86
238 65.79
239 66.28
240 64.49
241 65.73
242 63.49
243 62.31
244 63.27
245 64.18
246 62.01
247 62.56
248 61.31
249 60.92
250 60.95
251 60.62
252 59.96
253 59.66
254 60.65
255 60.5
256 60.61
257 58.89
258 58.44
259 58.48
260 58.41
261 59.01
262 57.63
263 58.2
264 56.59
265 56.25
266 56.7
267 57.28
268 53.76
269 54.4
270 54.32
271 55.62
272 54.46
273 55.45
274 53.96
275 53.31
276 53
277 54.45
278 52.24
279 52.98
280 50.48
281 51.53
282 51.4
283 52.33
284 50.98
285 50.94
286 51.55
287 50.31
288 50.94
289 49.19
290 49.97
291 49.64
292 49.53
293 49.16
294 48.72
295 48.58
296 48.13
297 48.12
298 47.51
299 48.09
300 47.44
301 47.58
302 46.19
303 46.33
304 46.51
305 47
306 45.9
307 46.73
308 45.76
309 45.86
310 46.04
311 44.02
312 45.07
313 44.52
314 44.32
315 44.93
316 43
317 42.53
318 43.81
319 43.48
320 43.28
321 43.97
322 42.68
323 41.88
324 43.16
325 42.02
326 42.12
327 42.16
328 42.12
329 40.3
330 41.27
331 40.22
332 40.05
333 40.54
334 40.8
335 40.33
336 39.9
337 39.26
338 39.43
339 39.74
340 38.67
341 39.23
342 40.44
343 38.46
344 38.61
345 39.21
346 38.36
347 37.94
348 38.74
349 37.7
350 37.04
351 37.33
352 37.39
353 37.22
354 36.13
355 36.06
356 36.35
357 36.67
358 36.4
359 36.84
360 35.68
361 36.22
362 35.39
363 36.14
364 36.12
365 35.45
366 35.63
367 35.14
368 34.81
369 34.61
370 34.8
371 34.61
372 34.31
373 34.13
374 34.53
375 33.94
376 33.44
377 34.07
378 33.17
379 33.03
380 33.73
381 33.07
382 32.79
383 33.27
384 33.01
385 33.38
386 32.32
387 31.61
388 31.95
389 31.87
390 32.19
391 32.02
392 31.31
393 31.85
394 30.85
395 31.31
396 31.53
397 31.09
398 30.65
399 31.52
400 31
401 30.71
402 30.61
403 30.65
404 30.7
405 30.11
406 29.94
407 29.54
408 29.97
409 30.21
410 30.14
411 29.43
412 29.43
413 28.85
414 29.33
415 29.23
416 29.48
417 28.86
418 28.34
419 28.76
420 28.87
421 28.62
422 28
423 28.71
424 27.7
425 28.02
426 27.75
427 28.1
428 28.19
429 27.7
430 27.48
431 27.5
432 27.27
433 26.97
434 27.33
435 27.26
436 26.62
437 26.6
438 26.82
439 26.22
440 26.06
441 25.87
442 26.3
443 26.45
444 25.55
445 25.67
446 26.12
447 26.04
448 25.64
449 25.69
450 26.01
451 25.55
452 25.37
453 25.02
454 25.36
455 25.41
456 25.62
457 25.03
458 24.98
459 25.15
460 24.77
461 24.5
462 24.6
463 24.71
464 24.48
465 24.75
466 24.07
467 24.45
468 24.46
469 24.41
470 23.92
471 23.76
472 23.68
473 23.62
474 23.41
475 23.4
476 23.31
477 23.6
478 23.02
479 23.26
480 23.07
481 22.96
482 23.03
483 22.71
484 22.78
485 22.67
486 22.85
487 22.47
488 23
489 22.05
490 22.16
491 21.94
492 22.13
493 21.97
494 22.1
495 21.98
496 21.85
497 21.93
498 21.92
499 21.68
500 21.82
501 21.95
502 21.57
503 21.45
504 21.12
505 21.07
506 21.15
507 21.43
508 20.88
509 20.94
510 20.73
511 20.77
512 20.74
513 21.01
514 20.37
515 20.66
516 20.8
517 20.4
518 20.5
519 20.48
520 20.15
521 20.36
522 20.43
523 19.86
524 19.8
525 20.32
526 20.02
527 19.8
528 20.02
529 19.77
530 19.37
531 19.83
532 19.7
533 19.57
534 19.5
535 19.06
536 19.4
537 19.38
538 19.28
539 18.73
540 19.05
541 19.33
542 19.13
543 19.03
544 18.77
545 18.59
546 19.03
547 18.59
548 18.77
549 18.37
550 18.83
551 18.75
552 18.64
553 18.36
554 18.9
555 18.11
556 18.3
557 18.04
558 18.07
559 17.84
560 18.11
561 17.72
562 18.32
563 17.8
564 17.99
565 17.64
566 17.89
567 17.34
568 17.93
569 17.37
570 17.6
571 17.69
572 17.13
573 17.31
574 17.13
575 17.09
576 17.16
577 17.24
578 17.11
579 16.84
580 17.01
581 16.77
582 16.8
583 16.57
584 16.98
585 17.27
586 16.58
587 16.99
588 16.61
589 16.55
590 16.75
591 16.45
592 16.28
593 16.25
594 16.53
595 16.43
596 16.24
597 16.12
598 16.23
599 16.19
600 16.18
601 16.27
602 15.9
603 15.92
604 15.65
605 15.74
606 15.99
607 15.68
608 15.79
609 15.83
610 15.6
611 15.57
612 15.46
613 15.42
614 15.24
615 15.22
616 15.64
617 15.22
618 15.34
619 15.2
620 15.05
621 15.24
622 15.18
623 15.23
624 15.16
625 15.12
626 14.76
627 14.84
628 15.09
629 15.12
630 14.64
631 14.71
632 14.94
633 14.57
634 14.7
635 14.83
636 14.55
637 14.7
638 14.45
639 14.53
640 14.36
641 14.26
642 14.28
643 14.45
644 14.26
645 14.3
646 14.36
647 14.09
648 14.18
649 13.83
650 14.19
651 14.19
652 13.84
653 14.11
654 13.91
655 13.82
656 13.71
657 13.81
658 13.81
659 13.78
660 13.71
661 13.63
662 13.69
663 13.22
664 13.3
665 13.53
666 13.51
667 13.36
668 13.4
669 13.23
670 13.21
671 13.27
672 13.22
673 13.32
674 13.17
675 13.11
676 13.15
677 12.94
678 13.12
679 13.03
680 12.97
681 13.13
682 12.79
683 12.77
684 12.98
685 12.58
686 12.92
687 12.73
688 12.71
689 12.82
690 12.7
691 12.68
692 12.55
693 12.54
694 12.34
695 12.37
696 12.4
697 12.35
698 12.37
699 12.28
700 12.19
701 12.51
702 12.33
703 12.31
704 12.28
705 12.35
706 12.21
707 12.16
708 12.23
709 11.93
710 12.05
711 11.76
712 12.04
713 12.03
714 11.93
715 11.82
716 11.87
717 11.81
718 11.65
719 11.74
720 11.66
721 11.97
722 11.76
723 11.64
724 11.58
725 11.38
726 11.66
727 11.46
728 11.54
729 11.68
730 11.37
731 11.39
732 11.65
733 11.23
734 11.5
735 11.28
736 11.16
737 11.26
738 11.39
739 11.09
740 11.33
741 11.07
742 11.14
743 11.01
744 10.97
745 11.15
746 11.18
747 10.86
748 10.88
749 11
750 10.94
751 10.84
752 10.9
753 10.73
754 10.93
755 10.72
756 10.89
757 10.75
758 10.6
759 10.69
760 10.68
761 10.82
762 10.63
763 10.54
764 10.62
765 10.53
766 10.49
767 10.45
768 10.57
769 10.38
770 10.52
771 10.39
772 10.33
773 10.36
774 10.36
775 10.31
776 10.43
777 10.33
778 10.38
779 10.28
780 10.27
781 10.19
782 10.24
783 10.06
784 10.19
785 9.89
786 9.99
787 10.14
788 9.9
789 10.09
790 10.18
791 9.97
792 9.86
793 9.91
794 9.92
795 9.76
796 9.87
797 9.72
798 9.76
799 9.95
800 9.76
801 9.81
802 9.83
803 9.57
804 9.69
805 9.6
806 9.52
807 9.45
808 9.53
809 9.48
810 9.62
811 9.4
812 9.41
813 9.43
814 9.39
815 9.5
816 9.32
817 9.44
818 9.34
819 9.34
820 9.22
821 9.06
822 9.07
823 9.2
824 9.23
825 9.09
826 9.26
827 9.2
828 9.11
829 9.21
830 9.19
831 9.16
832 8.97
833 9.07
834 8.91
835 8.99
836 9
837 8.89
838 8.83
839 8.91
840 8.82
841 8.82
842 8.94
843 8.94
844 8.83
845 8.85
846 8.81
847 8.8
848 8.8
849 8.7
850 8.79
851 8.71
852 8.7
853 8.61
854 8.55
855 8.58
856 8.55
857 8.64
858 8.64
859 8.52
860 8.47
861 8.38
862 8.64
863 8.32
864 8.56
865 8.44
866 8.41
867 8.32
868 8.46
869 8.36
870 8.32
871 8.37
872 8.31
873 8.25
874 8.23
875 8.26
876 8.29
877 8.21
878 8.21
879 8.29
880 8.16
881 8.16
882 8.26
883 8.1
884 8.04
885 7.96
886 8.02
887 8.04
888 8.04
889 8.02
890 7.94
891 8
892 8.02
893 7.8
894 7.9
895 7.92
896 7.72
897 7.9
898 7.89
899 7.8
900 7.82
901 7.85
902 7.69
903 7.79
904 7.66
905 7.71
906 7.66
907 7.74
908 7.65
909 7.7
910 7.69
911 7.52
912 7.51
913 7.59
914 7.58
915 7.45
916 7.43
917 7.52
918 7.43
919 7.56
920 7.44
921 7.57
922 7.53
923 7.48
924 7.43
925 7.45
926 7.47
927 7.52
928 7.38
929 7.41
930 7.38
931 7.28
932 7.26
933 7.26
934 7.26
935 7.32
936 7.21
937 7.1
938 7.19
939 7.29
940 7.08
941 7.07
942 7.16
943 7.02
944 7.16
945 6.97
946 7.09
947 7.08
948 7.04
949 7.03
950 6.95
951 6.97
952 7.06
953 7.02
954 6.91
955 6.91
956 6.95
957 7.1
958 6.88
959 6.94
960 7
961 6.77
962 6.92
963 6.91
964 6.8
965 6.88
966 6.88
967 6.76
968 6.8
969 6.81
970 6.82
971 6.72
972 6.81
973 6.67
974 6.69
975 6.7
976 6.59
977 6.66
978 6.62
979 6.6
980 6.71
981 6.73
982 6.64
983 6.7
984 6.57
985 6.43
986 6.52
987 6.59
988 6.56
989 6.55
990 6.39
991 6.56
992 6.55
993 6.44
994 6.37
995 6.33
996 6.4
997 6.47
998 6.51
999 6.33
1000 6.34
1001 6.4
1002 6.33
1003 6.45
1004 6.44
1005 6.21
1006 6.3
1007 6.25
1008 6.32
1009 6.28
1010 6.21
1011 6.18
1012 6.18
1013 6.2
1014 6.2
1015 6.27
1016 6.18
1017 6.16
1018 6.23
1019 6.1
1020 6.09
1021 6.02
1022 6.18
1023 6.06
1024 6.07
1025 6.14
1026 6
1027 5.99
1028 6.19
1029 6.03
1030 5.97
1031 6.09
1032 6.07
1033 6.05
1034 6.01
1035 5.88
1036 6.01
1037 5.85
1038 5.89
1039 5.86
1040 5.84
1041 5.84
1042 5.87
1043 5.79
1044 5.84
1045 5.81
1046 5.88
1047 5.88
1048 5.78
1049 5.7
1050 5.71
1051 5.77
1052 5.81
1053 5.75
1054 5.77
1055 5.78
1056 5.61
1057 5.68
1058 5.64
1059 5.74
1060 5.76
1061 5.63
1062 5.74
1063 5.57
1064 5.7
1065 5.58
1066 5.56
1067 5.62
1068 5.54
1069 5.66
1070 5.53
1071 5.37
1072 5.61
1073 5.5
1074 5.47
1075 5.51
1076 5.48
1077 5.49
1078 5.48
1079 5.51
1080 5.46
1081 5.4
1082 5.49
1083 5.41
1084 5.48
1085 5.41
1086 5.36
1087 5.28
1088 5.38
1089 5.34
1090 5.34
1091 5.37
1092 5.42
1093 5.33
1094 5.31
1095 5.24
1096 5.25
1097 5.21
1098 5.25
1099 5.28
1100 5.21
1101 5.17
1102 5.26
1103 5.15
1104 5.21
1105 5.13
1106 5.23
1107 5.16
1108 5.08
1109 5.2
1110 5.1
1111 5.17
1112 5.13
1113 5.11
1114 5.06
1115 5.12
1116 5.12
1117 5.06
1118 5.08
1119 5.05
1120 5.08
1121 5.06
1122 5.08
1123 4.99
1124 5.04
1125 5.03
1126 4.97
1127 5.05
1128 5.02
1129 5.01
1130 5.1
1131 4.96
1132 4.99
1133 4.94
1134 4.85
1135 4.96
1136 4.87
1137 4.93
1138 4.98
1139 4.86
1140 4.89
1141 4.92
1142 4.88
1143 4.88
1144 4.9
1145 4.83
1146 4.81
1147 4.86
1148 4.79
1149 4.77
1150 4.84
1151 4.69
1152 4.9
1153 4.82
1154 4.81
1155 4.71
1156 4.79
1157 4.65
1158 4.8
1159 4.72
1160 4.64
1161 4.75
1162 4.64
1163 4.68
1164 4.78
1165 4.71
1166 4.68
1167 4.78
1168 4.64
1169 4.65
1170 4.54
1171 4.63
1172 4.59
1173 4.61
1174 4.62
1175 4.58
1176 4.59
1177 4.54
1178 4.51
1179 4.53
1180 4.53
1181 4.56
1182 4.52
1183 4.56
1184 4.53
1185 4.54
1186 4.49
1187 4.5
1188 4.39
1189 4.47
1190 4.38
1191 4.47
1192 4.3
1193 4.36
1194 4.45
1195 4.4
1196 4.39
1197 4.41
1198 4.43
1199 4.34
1200 4.38
1201 4.37
1202 4.31
1203 4.27
1204 4.35
1205 4.34
1206 4.38
1207 4.36
1208 4.36
1209 4.26
1210 4.24
1211 4.31
1212 4.27
1213 4.27
1214 4.28
1215 4.2
1216 4.18
1217 4.23
1218 4.23
1219 4.25
1220 4.18
1221 4.13
1222 4.23
1223 4.19
1224 4.17
1225 4.21
1226 4.05
1227 4.17
1228 4.05
1229 4.08
1230 4.17
1231 4.05
1232 4.07
1233 4.07
1234 4.12
1235 4.08
1236 4.08
1237 4.11
1238 4.1
1239 4.1
1240 4.05
1241 4.09
1242 4.04
1243 4.07
1244 4.04
1245 3.98
1246 4.02
1247 3.98
1248 4
1249 4.08
1250 3.97
1251 3.97
1252 4.05
1253 3.97
1254 4.02
1255 3.92
1256 3.96
1257 3.93
1258 3.98
1259 4
1260 3.97
1261 3.97
1262 3.9
1263 3.94
1264 3.89
1265 3.9
1266 3.91
1267 3.95
1268 3.95
1269 3.85
1270 3.87
1271 3.95
1272 3.86
1273 3.89
1274 3.89
1275 3.85
1276 3.93
1277 3.88
1278 3.79
1279 3.87
1280 3.79
1281 3.89
1282 3.81
1283 3.82
1284 3.83
1285 3.83
1286 3.81
1287 3.83
1288 3.81
1289 3.79
1290 3.8
1291 3.77
1292 3.81
1293 3.77
1294 3.8
1295 3.72
1296 3.74
1297 3.76
1298 3.68
1299 3.72
1300 3.69
1301 3.71
1302 3.75
1303 3.73
1304 3.74
1305 3.71
1306 3.74
1307 3.6
1308 3.67
1309 3.75
1310 3.68
1311 3.62
1312 3.56
1313 3.63
1314 3.7
1315 3.56
1316 3.61
1317 3.61
1318 3.6
1319 3.53
1320 3.55
1321 3.6
1322 3.54
1323 3.53
1324 3.5
1325 3.54
1326 3.5
1327 3.6
1328 3.52
1329 3.52
1330 3.44
1331 3.44
1332 3.39
1333 3.49
1334 3.45
1335 3.43
1336 3.4
1337 3.44
1338 3.35
1339 3.3
1340 3.44
1341 3.44
1342 3.32
1343 3.36
1344 3.41
1345 3.35
1346 3.36
1347 3.34
1348 3.29
1349 3.31
1350 3.26
1351 3.21
1352 3.31
1353 3.3
1354 3.22
1355 3.26
1356 3.28
1357 3.21
1358 3.21
1359 3.16
1360 3.25
1361 3.23
1362 3.28
1363 3.24
1364 3.22
1365 3.22
1366 3.2
1367 3.16
1368 3.2
1369 3.28
1370 3.16
1371 3.15
1372 3.16
1373 3.12
1374 3.14
1375 3.18
1376 3.13
1377 3.17
1378 3.17
1379 3.14
1380 3.1
1381 3.1
1382 3.09
1383 3.1
1384 3.09
1385 3.12
1386 3.1
1387 3.03
1388 3.16
1389 3.05
1390 3.08
1391 3.06
1392 3.09
1393 3.03
1394 3.05
1395 3.03
1396 3.05
1397 3.06
1398 3.06
1399 3.07
1400 3.07
1401 3.05
1402 3.02
1403 3.04
1404 3.02
1405 3.04
1406 3.07
1407 3.05
1408 3.02
1409 3.05
1410 3.01
1411 3.03
1412 3.03
1413 3.01
1414 3.02
1415 2.97
1416 3.03
1417 3
1418 3.01
1419 3.01
1420 3
1421 3
1422 3.02
1423 3.02
1424 2.99
1425 2.99
1426 2.99
1427 2.97
1428 2.94
1429 2.99
1430 3
1431 3.01
1432 3.01
1433 2.99
1434 2.98
1435 2.98
1436 2.98
1437 2.97
1438 2.96
1439 2.99
1440 2.97
1441 2.98
1442 2.98
1443 2.97
1444 2.99
1445 2.97
1446 2.99
1447 2.96
1448 2.93
1449 2.94
1450 2.96
1451 2.96
1452 2.96
1453 2.97
1454 2.95
1455 2.96
1456 2.97
1457 2.93
1458 2.92
1459 2.96
1460 2.97
1461 2.94
1462 2.96
1463 2.91
1464 2.93
1465 2.92
1466 2.85
1467 2.95
1468 2.95
1469 2.94
1470 2.94
1471 2.83
1472 2.85
1473 2.84
1474 2.88
1475 2.9
1476 2.85
1477 2.86
1478 2.88
1479 2.91
1480 2.88
1481 2.83
1482 2.93
1483 2.85
1484 2.81
1485 2.9
1486 2.85
1487 2.83
1488 2.77
1489 2.79
1490 2.81
1491 2.83
1492 2.83
1493 2.81
1494 2.73
1495 2.82
1496 2.8
1497 2.83
1498 2.83
1499 2.66
1500 2.75
1501 2.71
1502 2.69
1503 2.79
1504 2.79
1505 2.73
1506 2.77
1507 2.75
1508 2.69
1509 2.69
1510 2.57
1511 2.74
1512 2.67
1513 2.64
1514 2.68
1515 2.73
1516 2.63
1517 2.62
1518 2.65
1519 2.65
1520 2.65
1521 2.55
1522 2.63
1523 2.66
1524 2.66
1525 2.56
1526 2.59
1527 2.51
1528 2.62
1529 2.48
1530 2.48
1531 2.53
1532 2.42
1533 2.43
1534 2.41
1535 2.53
1536 2.51
1537 2.44
1538 2.51
1539 2.4
1540 2.52
1541 2.42
1542 2.4
1543 2.47
1544 2.35
1545 2.42
1546 2.39
1547 2.4
1548 2.35
1549 2.34
1550 2.41
1551 2.34
1552 2.36
1553 2.3
1554 2.31
1555 2.29
1556 2.27
1557 2.35
1558 2.34
1559 2.31
1560 2.17
1561 2.26
1562 2.22
1563 2.24
1564 2.32
1565 2.23
1566 2.23
1567 2.21
1568 2.3
1569 2.22
1570 2.14
1571 2.24
1572 2.18
1573 2.21
1574 2.2
1575 2.25
1576 2.19
1577 2.15
1578 2.15
1579 2.15
1580 2.19
1581 2.12
1582 2.17
1583 2.09
1584 2.23
1585 2.12
1586 2.12
1587 2.13
1588 2.12
1589 2.12
1590 2.11
1591 2.12
1592 2.13
1593 2.09
1594 2.1
1595 2.15
1596 2.08
1597 2.09
1598 2.12
1599 2.06
1600 2.1
1601 2.11
1602 2.05
1603 2.06
1604 2.08
1605 2.09
1606 2.05
1607 2.09
1608 2.06
1609 2.03
1610 2.06
1611 2.06
1612 2.07
1613 2.09
1614 2.04
1615 2.06
1616 2.06
1617 2.06
1618 2.06
1619 2.02
1620 2.06
1621 2.02
1622 2.01
1623 2.02
1624 2
1625 2.02
1626 2
1627 2.03
1628 2.02
1629 2.03
1630 2.02
1631 2.03
1632 2.05
1633 2.01
1634 2.01
1635 2.02
1636 2
1637 2
1638 2.03
1639 2.03
1640 2
1641 2.02
1642 2
1643 2
1644 2
1645 2.01
1646 2
1647 2.01
1648 2
1649 2
1650 2.02
1651 2.02
1652 2.01
1653 2
1654 2.01
1655 2.01
1656 2
1657 2.01
1658 2
1659 2
1660 2
1661 2
1662 2.01
1663 2
1664 2.01
1665 2
1666 2
1667 2
1668 2.02
1669 2
1670 2.01
1671 2
1672 2.01
1673 2
1674 2
1675 2
1676 2
1677 2
1678 2
1679 2
1680 2
1681 2
1682 2
1683 2
1684 2
1685 2
1686 2
1687 2
1688 2
1689 2
1690 2
1691 1.99
1692 1.99
1693 2
1694 2
1695 2
1696 2
1697 1.99
1698 2
1699 1.99
1700 2
1701 2
1702 2
1703 1.99
1704 2
1705 2
1706 2
1707 2
1708 1.99
1709 1.99
1710 2
1711 2
1712 1.97
1713 2
1714 2
1715 2
1716 2
1717 1.99
1718 2
1719 2
1720 2
1721 1.97
1722 2
1723 1.99
1724 2
1725 1.99
1726 1.99
1727 1.97
1728 2
1729 2
1730 1.99
1731 2
1732 2
1733 2
1734 1.99
1735 2
1736 1.99
1737 2
1738 1.98
1739 2
1740 2
1741 2
1742 2
1743 1.98
1744 1.98
1745 1.97
1746 1.99
1747 1.97
1748 1.99
1749 1.96
1750 1.98
1751 2
1752 1.98
1753 2
1754 1.97
1755 1.99
1756 1.96
1757 1.95
1758 1.98
1759 1.97
1760 1.95
1761 1.97
1762 1.95
1763 1.96
1764 1.98
1765 1.95
1766 1.96
1767 2
1768 1.93
1769 1.98
1770 1.96
1771 1.95
1772 1.95
1773 1.93
1774 1.95
1775 1.93
1776 1.91
1777 1.98
1778 1.91
1779 1.93
1780 1.88
1781 1.92
1782 1.88
1783 1.98
1784 1.9
1785 1.89
1786 1.92
1787 1.91
1788 1.9
1789 1.89
1790 1.9
1791 1.87
1792 1.87
1793 1.93
1794 1.89
1795 1.86
1796 1.89
1797 1.89
1798 1.86
1799 1.89
1800 1.89
1801 1.87
1802 1.89
1803 1.93
1804 1.77
1805 1.83
1806 1.9
1807 1.85
1808 1.78
1809 1.8
1810 1.86
1811 1.77
1812 1.78
1813 1.79
1814 1.82
1815 1.78
1816 1.79
1817 1.8
1818 1.82
1819 1.78
1820 1.63
1821 1.71
1822 1.7
1823 1.73
1824 1.71
1825 1.7
1826 1.67
1827 1.67
1828 1.65
1829 1.67
1830 1.7
1831 1.7
1832 1.67
1833 1.7
1834 1.7
1835 1.66
1836 1.72
1837 1.6
1838 1.57
1839 1.74
1840 1.7
1841 1.58
1842 1.66
1843 1.51
1844 1.53
1845 1.69
1846 1.52
1847 1.51
1848 1.56
1849 1.47
1850 1.55
1851 1.47
1852 1.48
1853 1.48
1854 1.49
1855 1.49
1856 1.47
1857 1.51
1858 1.48
1859 1.52
1860 1.36
1861 1.44
1862 1.4
1863 1.4
1864 1.47
1865 1.44
1866 1.38
1867 1.42
1868 1.44
1869 1.45
1870 1.42
1871 1.42
1872 1.34
1873 1.31
1874 1.34
1875 1.29
1876 1.35
1877 1.31
1878 1.3
1879 1.28
1880 1.32
1881 1.23
1882 1.2
1883 1.27
1884 1.34
1885 1.33
1886 1.32
1887 1.28
1888 1.23
1889 1.23
1890 1.27
1891 1.18
1892 1.27
1893 1.17
1894 1.14
1895 1.14
1896 1.27
1897 1.21
1898 1.12
1899 1.14
1900 1.13
1901 1.1
1902 1.14
1903 1.22
1904 1.18
1905 1.26
1906 1.13
1907 1.12
1908 1.1
1909 1.15
1910 1.08
1911 1.12
1912 1.1
1913 1.07
1914 1.12
1915 1.13
1916 1.09
1917 1.09
1918 1.12
1919 1.14
1920 1.1
1921 1.06
1922 1.09
1923 1.07
1924 1.08
1925 1.08
1926 1.08
1927 1.03
1928 1.1
1929 1.09
1930 1.07
1931 1.07
1932 1.11
1933 1.04
1934 1.08
1935 1.04
1936 1.04
1937 1.03
1938 1.04
1939 1.01
1940 1.03
1941 1.04
1942 1.04
1943 1.05
1944 1.03
1945 1
1946 1.02
1947 1.02
1948 1.03
1949 1.02
1950 1.02
1951 1.03
1952 1.01
1953 1.01
1954 1.06
1955 1.06
1956 1.01
1957 1.02
1958 1.01
1959 1.02
1960 1.01
1961 1.01
1962 1.01
1963 1
1964 1.02
1965 1.01
1966 1
1967 1.01
1968 1
1969 1
1970 1
1971 1
1972 1
1973 1.02
1974 1
1975 1.02
1976 1.01
1977 1
1978 1
1979 1
1980 1
1981 1
1982 1
1983 1
1984 1
1985 1
1986 1.01
1987 1
1988 1
1989 1.01
1990 1
1991 1.01
1992 1
1993 1.02
1994 1
1995 1
1996 1
1997 1
1998 1
1999 1
2000 1.01
2001 1
2002 1
2003 1
2004 1
2005 1
2006 1
2007 1
2008 1
2009 1
2010 1
2011 1
2012 1
2013 1
2014 1
2015 1
2016 1
2017 1
2018 1
2019 1
2020 1
2021 1
2022 1
2023 1
2024 1
2025 1
2026 1
2027 1
2028 1
2029 1
2030 1
2031 1
2032 1
2033 1
2034 1
2035 1
2036 1
2037 1
2038 1
2039 1
2040 1
2041 1
2042 1
2043 1
2044 1
2045 1
2046 1
2047 1
2048 1
2049 1
2050 1
2051 1
2052 1
2053 1
2054 1
2055 1
2056 1
2057 1
2058 1
2059 1
2060 1
2061 1
2062 1
2063 1
2064 1
2065 1
2066 1
2067 1
2068 1
2069 1
2070 1
2071 1
2072 1
2073 1
2074 1
2075 1
2076 1
2077 1
2078 1
2079 1
2080 1
2081 1
2082 1
2083 1
2084 1
2085 1
2086 1
2087 1
2088 1
2089 1
2090 1
2091 1
2092 1
2093 1
2094 1
2095 1
2096 1
2097 1
2098 1
2099 1
2100 1
2101 1
2102 1
2103 1
2104 1
2105 1
2106 1
2107 1
2108 1
2109 1
2110 1
2111 1
2112 1
2113 1
2114 1
2115 1
2116 1
2117 1
2118 1
2119 1
2120 1
2121 1
2122 1
2123 1
2124 1
2125 1
2126 1
2127 1
2128 1
2129 1
2130 1
2131 1
2132 1
2133 1
2134 1
2135 1
2136 1
2137 1
2138 1
2139 1
2140 1
2141 1
2142 1
2143 1
2144 1
2145 1
2146 1
2147 1
2148 1
2149 1
2150 1
2151 1
2152 1
2153 1
2154 1
2155 1
2156 1
2157 1
2158 1
2159 1
2160 1
2161 1
2162 1
2163 1
2164 1
2165 1
2166 1
2167 1
2168 1
2169 1
2170 1
2171 1
2172 1
2173 1
2174 1
2175 1
2176 1
2177 1
2178 1
2179 1
2180 1
2181 1
2182 1
2183 1
2184 1
2185 1
2186 1
2187 1
2188 1
2189 1
2190 1
2191 1
2192 1
2193 1
2194 1
2195 1
2196 1
2197 1
2198 1
2199 1
2200 1
2201 1
2202 1
2203 1
2204 1
2205 1
2206 1
2207 1
2208 1
2209 1
2210 1
2211 1
2212 1
2213 1
2214 1
2215 1
2216 1
2217 1
2218 1
2219 1
2220 1
2221 1
2222 1
2223 1
2224 1
2225 1
2226 1
2227 1
2228 1
2229 1
2230 1
2231 1
2232 1
2233 1
2234 1
2235 1
2236 1
2237 1
2238 1
2239 1
2240 1
2241 1
2242 1
2243 1
2244 1
2245 1
2246 1
2247 1
2248 1
2249 1
2250 1
2251 1
2252 1
2253 1
2254 1
2255 1
2256 1
2257 1
2258 1
2259 1
2260 1
2261 1
2262 1
2263 1
2264 1
2265 1
2266 1
2267 1
2268 1
2269 1
2270 1
2271 1
2272 1
2273 1
2274 1
2275 1
2276 1
2277 1
2278 1
2279 1
2280 1
2281 1
2282 1
2283 1
2284 1
2285 1
2286 1
2287 1
2288 1
2289 1
2290 1
2291 1
2292 1
2293 1
2294 1
2295 1
2296 1
2297 1
2298 1
2299 1
2300 1
2301 1
2302 1
2303 1
2304 1
2305 1
2306 1
2307 1
2308 1
2309 1
2310 1
2311 1
2312 1
2313 1
2314 1
2315 1
2316 1
2317 1
2318 1
2319 1
2320 1
2321 1
2322 1
2323 1
2324 1
2325 1
2326 1
2327 1
2328 1
2329 1
2330 1
2331 1
2332 1
2333 1
2334 1
2335 1
2336 1
2337 1
2338 1
2339 1
2340 1
2341 1
2342 1
2343 1
2344 1
2345 1
2346 1
2347 1
2348 1
2349 1
2350 1
2351 1
2352 1
2353 1
2354 1
2355 1
2356 1
2357 1
2358 1
2359 1
2360 1
2361 1
2362 1
2363 1
2364 1
2365 1
2366 1
2367 1
2368 1
2369 1
2370 1
2371 1
2372 1
2373 1
2374 1
2375 1
2376 1
2377 1
2378 1
2379 1
2380 1
2381 1
2382 1
2383 1
2384 1
2385 1
2386 1
2387 1
2388 1
2389 1
2390 1
2391 1
2392 1
2393 1
2394 1
2395 1
2396 1
2397 1
2398 1
2399 1
2400 1
2401 1
2402 1
2403 1
2404 1
2405 1
2406 1
2407 1
2408 1
2409 1
2410 1
2411 1
2412 1
2413 1
2414 1
2415 1
2416 1
2417 1
2418 1
2419 1
2420 1
2421 1
2422 1
2423 1
2424 1
2425 1
2426 1
2427 1
2428 1
2429 1
2430 1
2431 1
2432 1
2433 1
2434 1
2435 1
2436 1
2437 1
2438 1
2439 1
2440 1
2441 1
2442 1
2443 1
2444 1
2445 1
2446 1
2447 1
2448 1
2449 1
2450 1
2451 1
2452 1
2453 1
2454 1
2455 1
2456 1
2457 1
2458 1
2459 1
2460 1
2461 1
2462 1
2463 1
2464 1
2465 1
2466 1
2467 1
2468 1
2469 1
2470 1
2471 1
2472 1
2473 1
2474 1
2475 1
2476 1
2477 1
2478 1
2479 1
2480 1
2481 1
2482 0.99
2483 1
2484 1
2485 0.99
2486 1
2487 1
2488 1
2489 1
2490 1
2491 1
2492 1
2493 1
2494 1
2495 1
2496 1
2497 1
2498 0.99
2499 1
2500 1
2501 0.99
2502 0.99
2503 1
2504 0.99
2505 1
2506 0.98
2507 1
2508 1
2509 1
2510 0.99
2511 1
2512 1
2513 1
2514 0.99
2515 1
2516 1
2517 1
2518 1
2519 0.99
2520 1
2521 0.99
2522 1
2523 1
2524 0.99
2525 0.98
2526 1
2527 0.99
2528 0.99
2529 0.98
2530 0.97
2531 0.99
2532 0.99
2533 0.98
2534 0.96
2535 0.96
2536 0.98
2537 0.98
2538 0.96
2539 0.98
2540 0.99
2541 0.97
2542 0.98
2543 0.97
2544 0.99
2545 0.99
2546 0.97
2547 0.96
2548 0.99
2549 0.98
2550 0.97
2551 1
2552 0.99
2553 0.99
2554 0.98
2555 0.98
2556 0.98
2557 0.98
2558 0.95
2559 0.97
2560 0.97
2561 0.97
2562 0.97
2563 0.98
2564 0.96
2565 0.96
2566 1
2567 0.99
2568 0.92
2569 0.96
2570 0.99
2571 0.93
2572 0.94
2573 0.9
2574 0.94
2575 0.95
2576 0.93
2577 0.93
2578 0.92
2579 0.91
2580 0.93
2581 0.86
2582 0.97
2583 0.95
2584 0.88
2585 0.93
2586 0.89
2587 0.92
2588 0.89
2589 0.88
2590 0.89
2591 0.91
2592 0.9
2593 0.9
2594 0.9
2595 0.88
2596 0.9
2597 0.88
2598 0.87
2599 0.84
2600 0.91
2601 0.87
2602 0.82
2603 0.89
2604 0.87
2605 0.9
2606 0.79
2607 0.84
2608 0.89
2609 0.86
2610 0.83
2611 0.81
2612 0.86
2613 0.8
2614 0.76
2615 0.8
2616 0.83
2617 0.8
2618 0.74
2619 0.78
2620 0.82
2621 0.8
2622 0.79
2623 0.75
2624 0.78
2625 0.75
2626 0.74
2627 0.69
2628 0.76
2629 0.7
2630 0.69
2631 0.65
2632 0.67
2633 0.75
2634 0.72
2635 0.63
2636 0.62
2637 0.67
2638 0.65
2639 0.72
2640 0.66
2641 0.66
2642 0.62
2643 0.62
2644 0.65
2645 0.62
2646 0.65
2647 0.6
2648 0.65
2649 0.62
2650 0.7
2651 0.65
2652 0.64
2653 0.52
2654 0.61
2655 0.57
2656 0.55
2657 0.5
2658 0.52
2659 0.53
2660 0.57
2661 0.63
2662 0.48
2663 0.48
2664 0.57
2665 0.51
2666 0.4
2667 0.49
2668 0.53
2669 0.42
2670 0.42
2671 0.42
2672 0.4
2673 0.4
2674 0.41
2675 0.47
2676 0.37
2677 0.37
2678 0.37
2679 0.47
2680 0.38
2681 0.34
2682 0.41
2683 0.4
2684 0.29
2685 0.28
2686 0.33
2687 0.34
2688 0.28
2689 0.33
2690 0.38
2691 0.28
2692 0.36
2693 0.26
2694 0.25
2695 0.36
2696 0.33
2697 0.28
2698 0.31
2699 0.38
2700 0.23
2701 0.24
2702 0.24
2703 0.18
2704 0.27
2705 0.25
2706 0.19
2707 0.24
2708 0.2
2709 0.16
2710 0.23
2711 0.25
2712 0.18
2713 0.19
2714 0.15
2715 0.16
2716 0.21
2717 0.2
2718 0.17
2719 0.22
2720 0.12
2721 0.13
2722 0.14
2723 0.14
2724 0.11
2725 0.12
2726 0.15
2727 0.16
2728 0.11
2729 0.11
2730 0.08
2731 0.09
2732 0.06
2733 0.13
2734 0.16
2735 0.1
2736 0.12
2737 0.12
2738 0.14
2739 0.06
2740 0.1
2741 0.07
2742 0.09
2743 0.05
2744 0.07
2745 0.08
2746 0.12
2747 0.12
2748 0.08
2749 0.05
2750 0.06
2751 0.04
2752 0.08
2753 0.06
2754 0.09
2755 0.03
2756 0.05
2757 0.05
2758 0.04
2759 0.06
2760 0.02
2761 0.02
2762 0.03
2763 0.03
2764 0.04
2765 0.06
2766 0.08
2767 0.01
2768 0.05
2769 0.02
2770 0.01
2771 0.03
2772 0.04
2773 0.05
2774 0.04
2775 0.03
2776 0.01
2777 0.01
2778 0.01
2779 0.05
2780 0.01
2781 0.03
2782 0.02
2783 0
2784 0.02
2785 0.01
2786 0
2787 0.03
2788 0
2789 0
2790 0.01
2791 0
2792 0.01
2793 0.01
2794 0.01
2795 0.02
2796 0.01
2797 0
2798 0.02
2799 0
2800 0.02
2801 0.03
2802 0.02
2803 0.02
2804 0.01
2805 0.02
2806 0
2807 0.01
2808 0.01
2809 0
2810 0
2811 0.01
2812 0
2813 0
2814 0
2815 0
2816 0
2817 0.01
2818 0.01
2819 0.01
2820 0
2821 0
2822 0
2823 0
2824 0
2825 0
2826 0.01
2827 0
2828 0
2829 0
2830 0
2831 0
2832 0
2833 0
2834 0.01
2835 0
2836 0
2837 0
2838 0
2839 0
2840 0
2841 0
2842 0
2843 0
2844 0
2845 0
2846 0
2847 0
2848 0
2849 0
2850 0
2851 0
2852 0.01
2853 0
2854 0
2855 0
2856 0
2857 0
2858 0
2859 0
2860 0
2861 0
2862 0
2863 0
2864 0
2865 0
2866 0
2867 0
2868 0
2869 0
2870 0
2871 0
2872 0
2873 0
2874 0
2875 0
2876 0
2877 0
2878 0
2879 0
2880 0
2881 0
2882 0
2883 0
2884 0
2885 0
2886 0
2887 0
2888 0
2889 0
2890 0
2891 0
2892 0
2893 0
2894 0
2895 0
2896 0
2897 0
2898 0
2899 0
2900 0
2901 0
2902 0
2903 0
2904 0
2905 0
2906 0
2907 0
2908 0
2909 0
2910 0
2911 0
2912 0
2913 0
2914 0
2915 0
2916 0
2917 0
2918 0
2919 0
2920 0
2921 0
2922 0
2923 0
2924 0
2925 0
2926 0
2927 0
2928 0
2929 0
2930 0
2931 0
2932 0
2933 0
2934 0
2935 0
2936 0
2937 0
2938 0
2939 0
2940 0
2941 0
2942 0
2943 0
2944 0
2945 0
2946 0
2947 0
2948 0
2949 0
2950 0
2951 0
2952 0
2953 0
2954 0
2955 0
2956 0
2957 0
2958 0
2959 0
2960 0
2961 0
2962 0
2963 0
2964 0
2965 0
2966 0
2967 0
2968 0
2969 0
2970 0
2971 0
2972 0
2973 0
2974 0
2975 0
2976 0
2977 0
2978 0
2979 0
2980 0
2981 0
2982 0
2983 0
2984 0
2985 0
2986 0
2987 0
2988 0
2989 0
2990 0
2991 0
2992 0
2993 0
2994 0
2995 0
2996 0
2997 0
2998 0
2999 0
3000 0
3001 0
3002 0
3003 0
3004 0
3005 0
3006 0
3007 0
3008 0
3009 0
3010 0
3011 0
3012 0
3013 0
3014 0
3015 0
3016 0
3017 0
3018 0
3019 0
3020 0
3021 0
3022 0
3023 0
3024 0
3025 0
3026 0
3027 0
3028 0
3029 0
3030 0
3031 0
3032 0
3033 0
3034 0
3035 0
3036 0
3037 0
3038 0
3039 0
3040 0
3041 0
3042 0
3043 0
3044 0
3045 0
3046 0
3047 0
3048 0
3049 0
3050 0
3051 0
3052 0
3053 0
3054 0
3055 0
3056 0
3057 0
3058 0
3059 0
3060 0
3061 0
3062 0
3063 0
3064 0
3065 0
3066 0
3067 0
3068 0
3069 0
3070 0
3071 0
3072 0
3073 0
3074 0
3075 0
3076 0
3077 0
3078 0
3079 0
3080 0
3081 0
3082 0
3083 0
3084 0
3085 0
3086 0
3087 0
3088 0
3089 0
3090 0
3091 0
3092 0
3093 0
3094 0
3095 0
3096 0
3097 0
3098 0
3099 0
3100 0
3101 0
3102 0
3103 0
3104 0
3105 0
3106 0
3107 0
3108 0
3109 0
3110 0
3111 0
3112 0
3113 0
3114 0
3115 0
3116 0
3117 0
3118 0
3119 0
3120 0
3121 0
3122 0
3123 0
3124 0
3125 0
3126 0
3127 0
3128 0
3129 0
3130 0
3131 0
3132 0
3133 0
3134 0
3135 0
3136 0
3137 0
3138 0
3139 0
3140 0
3141 0
3142 0
3143 0
3144 0
3145 0
3146 0
3147 0
3148 0
3149 0
3150 0
3151 0
3152 0
3153 0
3154 0
3155 0
3156 0
3157 0
3158 0
3159 0
3160 0
3161 0
3162 0
3163 0
3164 0
3165 0
3166 0
3167 0
3168 0
3169 0
3170 0
3171 0
3172 0
3173 0
3174 0
3175 0
3176 0
3177 0
3178 0
3179 0
3180 0
3181 0
3182 0
3183 0
3184 0
3185 0
3186 0
3187 0
3188 0
3189 0
3190 0
3191 0
3192 0
3193 0
3194 0
3195 0
3196 0
3197 0
3198 0
3199 0
3200 0
3201 0
3202 0
3203 0
3204 0
3205 0
3206 0
3207 0
3208 0
3209 0
3210 0
3211 0
3212 0
3213 0
3214 0
3215 0
3216 0
3217 0
